

emo_ex <- structure(list(id = c(101L, 101L, 101L, 101L, 101L, 101L, 101L,
                             101L, 101L, 101L, 101L, 101L, 101L, 101L, 101L, 102L, 102L, 102L,
                             102L, 102L, 102L, 102L, 102L, 102L, 102L, 102L, 102L, 102L, 102L,
                             102L, 103L, 103L, 103L, 103L, 103L, 103L, 103L, 103L, 103L, 103L,
                             103L, 103L, 103L, 103L, 103L, 104L, 104L, 104L, 104L, 104L, 104L,
                             104L, 104L, 104L, 104L, 104L, 104L, 104L, 104L, 104L),
                      surveynumber = c(1L,
                                       2L, 3L, 4L, 5L, 6L, 7L, 8L, 9L, 10L, 11L, 12L, 13L, 14L, 15L,
                                       1L, 2L, 3L, 4L, 5L, 6L, 7L, 8L, 9L, 10L, 11L, 12L, 13L, 14L,
                                       15L, 1L, 2L, 3L, 4L, 5L, 6L, 7L, 8L, 9L, 10L, 11L, 12L, 13L,
                                       14L, 15L, 1L, 2L, 3L, 4L, 5L, 6L, 7L, 8L, 9L, 10L, 11L, 12L,
                                       13L, 14L, 15L),
                      happy = c(55L, 31L, 48L, 60L, 47L, 70L, 81L,
                                70L, 48L, 35L, 54L, 36L, 33L, 47L, 45L, 33L, 17L, 52L, 61L, 36L,
                                81L, 33L, 51L, 63L, 54L, 83L, 53L, 90L, 50L, 78L, 64L, 23L, 37L,
                                30L, 20L, 30L, 49L, 62L, 21L, 46L, 40L, 53L, 55L, 33L, 7L, 93L,
                                67L, 100L, 78L, 75L, 75L, 68L, 71L, 64L, 85L, 67L, 50L, 20L,
                                52L, 41L),
                      relaxed = c(100L, 74L, 93L, 72L, 14L, 76L, 70L, 77L,
                                  86L, 21L, 59L, 62L, 50L, 84L, 97L, 53L, 89L, 68L, 83L, 69L, 88L,
                                  46L, 88L, 79L, 81L, 79L, 80L, 80L, 92L, 100L, 6L, 10L, 15L, 9L,
                                  38L, 53L, 35L, 35L, 16L, 61L, 52L, 60L, 48L, 60L, 33L, 80L, 51L,
                                  73L, 78L, 52L, 88L, 33L, 85L, 65L, 78L, 76L, 0L, 42L, 73L, 21L
                      ),
                      cheerful = c(51L, 53L, 42L, 58L, 58L, 82L, 74L, 63L, 1L, 62L,
                                   55L, 24L, 63L, 83L, 53L, 51L, 52L, 61L, 66L, 27L, 35L, 50L, 69L,
                                   52L, 53L, 36L, 76L, 78L, 49L, 52L, 59L, 26L, 35L, 42L, 35L, 50L,
                                   58L, 64L, 24L, 38L, 41L, 64L, 60L, 10L, 4L, 85L, 72L, 53L, 34L,
                                   64L, 42L, 49L, 27L, 53L, 26L, 41L, 38L, 46L, 31L, 37L)),
                 class = "data.frame", row.names = c(NA, -60L))

usethis::use_data(emo_ex, overwrite = TRUE)
